xs y_data y_best y_err med_model spread
1.015e+02 4.510e-01 0.000e+00 1.426e+01 0.000e+00 0.000e+00
1.241e+02 3.664e-01 0.000e+00 1.388e+01 0.000e+00 0.000e+00
1.519e+02 2.977e-01 0.000e+00 1.351e+01 0.000e+00 0.000e+00
1.858e+02 2.418e-01 0.000e+00 1.314e+01 0.000e+00 0.000e+00
2.274e+02 1.965e-01 0.000e+00 1.278e+01 0.000e+00 0.000e+00
2.782e+02 1.596e-01 0.000e+00 1.242e+01 0.000e+00 0.000e+00
3.403e+02 1.297e-01 1.425e-09 1.207e+01 1.870e-09 4.227e-10
4.164e+02 1.053e-01 4.665e-08 1.173e+01 6.617e-08 1.712e-08
5.095e+02 8.557e-02 3.721e-07 1.139e+01 5.090e-07 1.205e-07
6.234e+02 6.951e-02 1.351e-06 1.105e+01 1.796e-06 4.014e-07
7.627e+02 5.647e-02 2.250e-06 1.072e+01 2.876e-06 5.788e-07
9.332e+02 4.588e-02 2.532e-06 1.039e+01 3.093e-06 5.287e-07
1.142e+03 3.727e-02 2.523e-06 1.007e+01 2.965e-06 4.147e-07
1.397e+03 3.028e-02 2.818e-06 9.758e+00 3.295e-06 4.369e-07
1.709e+03 2.460e-02 3.627e-06 9.448e+00 4.296e-06 6.094e-07
2.091e+03 1.998e-02 4.584e-06 9.143e+00 5.443e-06 7.837e-07
2.559e+03 1.623e-02 5.322e-06 8.843e+00 6.233e-06 8.406e-07
3.131e+03 1.319e-02 5.480e-06 8.548e+00 6.251e-06 7.113e-07
3.830e+03 1.071e-02 5.412e-06 8.258e+00 6.012e-06 5.580e-07
4.686e+03 8.704e-03 5.054e-06 7.974e+00 5.428e-06 3.517e-07
5.734e+03 7.071e-03 4.570e-06 7.694e+00 4.685e-06 1.581e-07
7.015e+03 5.744e-03 4.072e-06 7.420e+00 4.009e-06 3.462e-08
8.584e+03 4.666e-03 3.790e-06 7.150e+00 3.749e-06 6.964e-08
1.050e+04 3.791e-03 3.786e-06 6.886e+00 3.783e-06 5.827e-08
1.285e+04 3.080e-03 3.988e-06 6.627e+00 4.041e-06 6.130e-08
1.572e+04 2.502e-03 3.952e-06 6.373e+00 3.980e-06 3.782e-08
1.924e+04 2.032e-03 3.608e-06 6.125e+00 3.529e-06 1.019e-07
2.354e+04 1.651e-03 3.293e-06 5.881e+00 3.139e-06 1.705e-07
2.880e+04 1.341e-03 3.008e-06 5.642e+00 2.802e-06 2.202e-07
3.523e+04 1.090e-03 2.753e-06 5.409e+00 2.513e-06 2.512e-07
4.311e+04 8.853e-04 2.514e-06 5.181e+00 2.249e-06 2.730e-07
5.274e+04 7.192e-04 2.307e-06 4.957e+00 2.030e-06 2.834e-07
6.453e+04 5.842e-04 2.121e-06 4.739e+00 1.839e-06 2.872e-07
7.895e+04 4.746e-04 1.958e-06 4.526e+00 1.677e-06 2.842e-07
9.660e+04 3.856e-04 1.802e-06 4.318e+00 1.521e-06 2.823e-07
1.182e+05 3.132e-04 1.664e-06 4.116e+00 1.389e-06 2.749e-07
1.446e+05 2.545e-04 1.538e-06 3.918e+00 1.269e-06 2.671e-07
1.769e+05 2.067e-04 1.433e-06 3.726e+00 1.176e-06 2.540e-07
2.165e+05 1.679e-04 1.337e-06 3.538e+00 1.091e-06 2.408e-07
2.649e+05 1.364e-04 1.261e-06 3.356e+00 1.028e-06 2.266e-07
3.241e+05 1.108e-04 1.165e-06 3.179e+00 9.363e-07 2.201e-07
3.965e+05 9.003e-05 1.080e-06 3.007e+00 8.588e-07 2.108e-07
4.851e+05 7.314e-05 1.003e-06 2.840e+00 7.910e-07 2.004e-07
5.936e+05 5.941e-05 9.329e-07 2.678e+00 7.306e-07 1.897e-07
7.262e+05 4.826e-05 8.691e-07 2.521e+00 6.764e-07 1.790e-07
8.886e+05 3.921e-05 8.105e-07 2.370e+00 6.273e-07 1.685e-07
1.087e+06 3.185e-05 7.565e-07 2.223e+00 5.825e-07 1.583e-07
1.330e+06 2.587e-05 7.066e-07 2.082e+00 5.417e-07 1.485e-07
1.627e+06 2.101e-05 6.604e-07 1.946e+00 5.042e-07 1.390e-07
1.991e+06 1.707e-05 6.175e-07 1.815e+00 4.697e-07 1.300e-07
2.436e+06 1.386e-05 5.777e-07 1.689e+00 4.379e-07 1.214e-07
2.981e+06 1.126e-05 5.405e-07 1.568e+00 4.097e-07 1.133e-07
3.647e+06 9.144e-06 5.059e-07 1.452e+00 3.842e-07 1.055e-07
4.462e+06 7.426e-06 4.736e-07 1.341e+00 3.605e-07 9.822e-08
5.460e+06 6.030e-06 4.433e-07 1.236e+00 3.384e-07 9.131e-08
6.680e+06 4.896e-06 4.150e-07 1.135e+00 3.178e-07 8.479e-08
8.173e+06 3.975e-06 3.884e-07 1.040e+00 2.986e-07 7.864e-08
1.000e+07 3.226e-06 3.634e-07 9.500e-01 2.806e-07 7.285e-08
1.224e+07 2.618e-06 3.400e-07 8.649e-01 2.637e-07 6.740e-08
1.497e+07 2.125e-06 3.179e-07 7.850e-01 2.478e-07 6.227e-08
1.832e+07 1.723e-06 2.971e-07 7.102e-01 2.329e-07 5.745e-08
2.241e+07 1.398e-06 2.775e-07 6.405e-01 2.189e-07 5.291e-08
2.742e+07 1.133e-06 2.590e-07 5.759e-01 2.056e-07 4.865e-08
3.355e+07 9.178e-07 2.416e-07 5.164e-01 1.931e-07 4.464e-08
4.105e+07 7.431e-07 2.251e-07 4.621e-01 1.813e-07 4.088e-08
5.022e+07 6.012e-07 2.095e-07 4.129e-01 1.700e-07 3.734e-08
6.144e+07 4.860e-07 1.947e-07 3.688e-01 1.594e-07 3.401e-08
7.518e+07 3.924e-07 1.807e-07 3.298e-01 1.493e-07 3.089e-08
9.198e+07 3.164e-07 1.675e-07 2.959e-01 1.398e-07 2.796e-08
1.125e+08 2.547e-07 1.550e-07 2.671e-01 1.307e-07 2.520e-08
1.377e+08 2.046e-07 1.431e-07 2.435e-01 1.220e-07 2.262e-08
1.685e+08 1.639e-07 1.319e-07 2.249e-01 1.138e-07 2.021e-08
2.061e+08 1.310e-07 1.212e-07 2.115e-01 1.059e-07 1.795e-08
2.522e+08 1.042e-07 1.112e-07 2.032e-01 9.674e-08 1.585e-08
3.086e+08 8.256e-08 1.017e-07 2.000e-01 8.783e-08 1.390e-08
3.775e+08 6.504e-08 9.272e-08 2.020e-01 7.960e-08 1.210e-08
4.619e+08 5.088e-08 8.428e-08 2.090e-01 7.199e-08 1.044e-08
5.652e+08 3.948e-08 7.633e-08 2.212e-01 6.498e-08 8.946e-09
6.915e+08 3.031e-08 6.887e-08 2.385e-01 5.875e-08 7.603e-09
8.461e+08 2.298e-08 6.189e-08 2.609e-01 5.393e-08 6.423e-09
1.035e+09 1.716e-08 5.537e-08 2.884e-01 4.940e-08 5.415e-09
1.267e+09 1.257e-08 4.930e-08 3.211e-01 4.515e-08 4.588e-09
1.550e+09 9.000e-09 4.367e-08 3.588e-01 4.115e-08 3.950e-09
1.896e+09 6.264e-09 3.847e-08 4.017e-01 3.741e-08 3.502e-09
2.320e+09 4.212e-09 3.369e-08 4.497e-01 3.271e-08 3.227e-09
2.838e+09 2.715e-09 2.932e-08 5.028e-01 2.768e-08 3.088e-09
3.473e+09 1.661e-09 2.534e-08 5.610e-01 2.320e-08 3.037e-09
4.249e+09 9.544e-10 2.175e-08 6.243e-01 2.037e-08 3.028e-09
5.199e+09 5.074e-10 1.851e-08 6.928e-01 1.784e-08 3.024e-09
6.361e+09 2.454e-10 1.563e-08 7.664e-01 1.558e-08 3.003e-09
7.782e+09 1.057e-10 1.308e-08 8.451e-01 1.355e-08 2.952e-09
9.522e+09 3.949e-11 1.084e-08 9.289e-01 1.174e-08 2.866e-09
1.165e+10 1.240e-11 8.897e-09 1.018e+00 1.014e-08 2.746e-09
1.425e+10 3.151e-12 7.222e-09 1.112e+00 8.714e-09 2.596e-09
1.744e+10 6.173e-13 5.796e-09 1.211e+00 7.459e-09 2.420e-09
2.134e+10 8.801e-14 4.594e-09 1.315e+00 6.356e-09 2.227e-09
2.611e+10 8.503e-15 3.594e-09 1.425e+00 5.390e-09 2.022e-09
3.194e+10 5.104e-16 2.773e-09 1.539e+00 4.550e-09 1.813e-09
3.908e+10 1.712e-17 2.108e-09 1.659e+00 3.820e-09 1.606e-09
4.782e+10 2.815e-19 1.577e-09 1.784e+00 3.191e-09 1.406e-09
5.851e+10 1.936e-21 1.161e-09 1.913e+00 2.651e-09 1.217e-09
7.158e+10 4.585e-24 8.391e-10 2.048e+00 2.170e-09 1.042e-09
8.758e+10 2.944e-27 5.951e-10 2.188e+00 1.676e-09 8.830e-10
1.072e+11 3.830e-31 4.137e-10 2.334e+00 1.277e-09 7.408e-10
1.311e+11 7.064e-36 2.815e-10 2.484e+00 9.575e-10 6.154e-10
1.604e+11 1.194e-41 1.872e-10 2.639e+00 7.066e-10 5.064e-10
1.963e+11 1.083e-48 1.216e-10 2.800e+00 5.126e-10 4.128e-10
2.401e+11 2.747e-57 7.692e-11 2.966e+00 3.651e-10 3.332e-10
2.938e+11 8.746e-68 4.736e-11 3.137e+00 2.551e-10 2.663e-10
3.595e+11 1.314e-80 2.833e-11 3.312e+00 1.746e-10 2.107e-10
4.398e+11 2.814e-96 1.643e-11 3.493e+00 1.170e-10 1.648e-10
5.382e+11 1.986e-115 9.227e-12 3.680e+00 7.655e-11 1.275e-10
6.585e+11 7.695e-139 5.004e-12 3.871e+00 4.890e-11 9.740e-11
8.056e+11 1.827e-167 2.616e-12 4.067e+00 3.044e-11 7.347e-11
9.857e+11 1.817e-202 1.315e-12 4.269e+00 1.844e-11 5.468e-11
