xs x_data y_data y_data_err y_best med_model spread
-3.195e+01 -2.900e+01 7.900e-03 7.900e-03 2.081e-04 1.502e-03 3.037e-03
-3.185e+01 -2.750e+01 2.420e-01 6.100e-02 2.783e-04 1.909e-03 3.740e-03
-3.175e+01 -2.675e+01 5.800e-01 1.700e-01 3.688e-04 2.405e-03 4.558e-03
-3.165e+01 -2.625e+01 9.000e-01 3.200e-01 4.846e-04 3.007e-03 5.501e-03
-3.155e+01 -2.575e+01 1.330e+00 6.000e-01 6.316e-04 3.733e-03 6.582e-03
-3.145e+01 -2.525e+01 4.600e+00 1.200e+00 8.173e-04 4.604e-03 7.812e-03
-3.135e+01 -2.475e+01 7.000e+00 1.700e+00 1.050e-03 5.644e-03 9.205e-03
-3.125e+01 -2.425e+01 6.600e+00 2.000e+00 1.342e-03 6.879e-03 1.077e-02
-3.115e+01 -2.375e+01 8.300e+00 2.600e+00 1.703e-03 8.340e-03 1.253e-02
-3.105e+01 -2.325e+01 1.090e+01 3.600e+00 2.150e-03 1.006e-02 1.450e-02
-3.095e+01 -2.275e+01 2.300e+01 8.100e+00 2.699e-03 1.208e-02 1.669e-02
-3.085e+01 -2.200e+01 1.620e+01 1.620e+01 3.363e-03 1.441e-02 1.907e-02
-3.075e+01 1.000e+00 1.000e+00 1.000e+00 4.155e-03 1.705e-02 2.161e-02
-3.065e+01 1.000e+00 1.000e+00 1.000e+00 5.109e-03 2.010e-02 2.440e-02
-3.055e+01 1.000e+00 1.000e+00 1.000e+00 6.253e-03 2.360e-02 2.744e-02
-3.045e+01 1.000e+00 1.000e+00 1.000e+00 7.620e-03 2.760e-02 3.076e-02
-3.035e+01 1.000e+00 1.000e+00 1.000e+00 9.246e-03 3.218e-02 3.436e-02
-3.025e+01 1.000e+00 1.000e+00 1.000e+00 1.117e-02 3.739e-02 3.826e-02
-3.015e+01 1.000e+00 1.000e+00 1.000e+00 1.344e-02 4.330e-02 4.247e-02
-3.005e+01 1.000e+00 1.000e+00 1.000e+00 1.611e-02 4.999e-02 4.702e-02
-2.995e+01 1.000e+00 1.000e+00 1.000e+00 1.924e-02 5.755e-02 5.192e-02
-2.985e+01 1.000e+00 1.000e+00 1.000e+00 2.288e-02 6.604e-02 5.717e-02
-2.975e+01 1.000e+00 1.000e+00 1.000e+00 2.712e-02 7.558e-02 6.280e-02
-2.965e+01 1.000e+00 1.000e+00 1.000e+00 3.203e-02 8.626e-02 6.882e-02
-2.955e+01 1.000e+00 1.000e+00 1.000e+00 3.769e-02 9.819e-02 7.524e-02
-2.945e+01 1.000e+00 1.000e+00 1.000e+00 4.421e-02 1.115e-01 8.207e-02
-2.935e+01 1.000e+00 1.000e+00 1.000e+00 5.167e-02 1.262e-01 8.931e-02
-2.925e+01 1.000e+00 1.000e+00 1.000e+00 6.020e-02 1.426e-01 9.698e-02
-2.915e+01 1.000e+00 1.000e+00 1.000e+00 6.991e-02 1.607e-01 1.051e-01
-2.905e+01 1.000e+00 1.000e+00 1.000e+00 8.094e-02 1.807e-01 1.136e-01
-2.895e+01 1.000e+00 1.000e+00 1.000e+00 9.342e-02 2.027e-01 1.226e-01
-2.885e+01 1.000e+00 1.000e+00 1.000e+00 1.075e-01 2.268e-01 1.320e-01
-2.875e+01 1.000e+00 1.000e+00 1.000e+00 1.233e-01 2.533e-01 1.417e-01
-2.865e+01 1.000e+00 1.000e+00 1.000e+00 1.411e-01 2.821e-01 1.516e-01
-2.855e+01 1.000e+00 1.000e+00 1.000e+00 1.609e-01 3.134e-01 1.617e-01
-2.845e+01 1.000e+00 1.000e+00 1.000e+00 1.831e-01 3.475e-01 1.721e-01
-2.835e+01 1.000e+00 1.000e+00 1.000e+00 2.077e-01 3.846e-01 1.828e-01
-2.825e+01 1.000e+00 1.000e+00 1.000e+00 2.350e-01 4.248e-01 1.938e-01
-2.815e+01 1.000e+00 1.000e+00 1.000e+00 2.653e-01 4.682e-01 2.050e-01
-2.805e+01 1.000e+00 1.000e+00 1.000e+00 2.986e-01 5.151e-01 2.163e-01
-2.795e+01 1.000e+00 1.000e+00 1.000e+00 3.353e-01 5.656e-01 2.278e-01
-2.785e+01 1.000e+00 1.000e+00 1.000e+00 3.756e-01 6.199e-01 2.393e-01
-2.775e+01 1.000e+00 1.000e+00 1.000e+00 4.198e-01 6.781e-01 2.509e-01
-2.765e+01 1.000e+00 1.000e+00 1.000e+00 4.680e-01 7.405e-01 2.623e-01
-2.755e+01 1.000e+00 1.000e+00 1.000e+00 5.206e-01 8.072e-01 2.737e-01
-2.745e+01 1.000e+00 1.000e+00 1.000e+00 5.778e-01 8.783e-01 2.849e-01
-2.735e+01 1.000e+00 1.000e+00 1.000e+00 6.398e-01 9.541e-01 2.958e-01
-2.725e+01 1.000e+00 1.000e+00 1.000e+00 7.069e-01 1.035e+00 3.064e-01
-2.715e+01 1.000e+00 1.000e+00 1.000e+00 7.795e-01 1.120e+00 3.166e-01
-2.705e+01 1.000e+00 1.000e+00 1.000e+00 8.576e-01 1.211e+00 3.263e-01
-2.695e+01 1.000e+00 1.000e+00 1.000e+00 9.417e-01 1.306e+00 3.355e-01
-2.685e+01 1.000e+00 1.000e+00 1.000e+00 1.032e+00 1.408e+00 3.441e-01
-2.675e+01 1.000e+00 1.000e+00 1.000e+00 1.129e+00 1.514e+00 3.521e-01
-2.665e+01 1.000e+00 1.000e+00 1.000e+00 1.232e+00 1.626e+00 3.594e-01
-2.655e+01 1.000e+00 1.000e+00 1.000e+00 1.342e+00 1.744e+00 3.659e-01
-2.645e+01 1.000e+00 1.000e+00 1.000e+00 1.460e+00 1.867e+00 3.717e-01
-2.635e+01 1.000e+00 1.000e+00 1.000e+00 1.584e+00 1.997e+00 3.767e-01
-2.625e+01 1.000e+00 1.000e+00 1.000e+00 1.717e+00 2.132e+00 3.810e-01
-2.615e+01 1.000e+00 1.000e+00 1.000e+00 1.857e+00 2.273e+00 3.847e-01
-2.605e+01 1.000e+00 1.000e+00 1.000e+00 2.005e+00 2.420e+00 3.877e-01
-2.595e+01 1.000e+00 1.000e+00 1.000e+00 2.161e+00 2.573e+00 3.903e-01
-2.585e+01 1.000e+00 1.000e+00 1.000e+00 2.325e+00 2.732e+00 3.927e-01
-2.575e+01 1.000e+00 1.000e+00 1.000e+00 2.498e+00 2.897e+00 3.950e-01
-2.565e+01 1.000e+00 1.000e+00 1.000e+00 2.679e+00 3.068e+00 3.975e-01
-2.555e+01 1.000e+00 1.000e+00 1.000e+00 2.869e+00 3.244e+00 4.006e-01
-2.545e+01 1.000e+00 1.000e+00 1.000e+00 3.067e+00 3.426e+00 4.048e-01
-2.535e+01 1.000e+00 1.000e+00 1.000e+00 3.274e+00 3.611e+00 4.105e-01
-2.525e+01 1.000e+00 1.000e+00 1.000e+00 3.490e+00 3.776e+00 4.181e-01
-2.515e+01 1.000e+00 1.000e+00 1.000e+00 3.714e+00 3.944e+00 4.283e-01
-2.505e+01 1.000e+00 1.000e+00 1.000e+00 3.947e+00 4.116e+00 4.415e-01
-2.495e+01 1.000e+00 1.000e+00 1.000e+00 4.189e+00 4.293e+00 4.582e-01
-2.485e+01 1.000e+00 1.000e+00 1.000e+00 4.439e+00 4.589e+00 4.789e-01
-2.475e+01 1.000e+00 1.000e+00 1.000e+00 4.697e+00 4.840e+00 5.039e-01
-2.465e+01 1.000e+00 1.000e+00 1.000e+00 4.964e+00 5.069e+00 5.333e-01
-2.455e+01 1.000e+00 1.000e+00 1.000e+00 5.238e+00 5.304e+00 5.673e-01
-2.445e+01 1.000e+00 1.000e+00 1.000e+00 5.521e+00 5.537e+00 6.060e-01
-2.435e+01 1.000e+00 1.000e+00 1.000e+00 5.811e+00 5.773e+00 6.492e-01
-2.425e+01 1.000e+00 1.000e+00 1.000e+00 6.108e+00 6.013e+00 6.969e-01
-2.415e+01 1.000e+00 1.000e+00 1.000e+00 6.412e+00 6.255e+00 7.490e-01
-2.405e+01 1.000e+00 1.000e+00 1.000e+00 6.722e+00 6.500e+00 8.053e-01
-2.395e+01 1.000e+00 1.000e+00 1.000e+00 7.039e+00 6.747e+00 8.657e-01
-2.385e+01 1.000e+00 1.000e+00 1.000e+00 7.361e+00 6.997e+00 9.297e-01
-2.375e+01 1.000e+00 1.000e+00 1.000e+00 7.689e+00 7.249e+00 9.973e-01
-2.365e+01 1.000e+00 1.000e+00 1.000e+00 8.022e+00 7.502e+00 1.068e+00
-2.355e+01 1.000e+00 1.000e+00 1.000e+00 8.358e+00 7.754e+00 1.143e+00
-2.345e+01 1.000e+00 1.000e+00 1.000e+00 8.698e+00 8.008e+00 1.220e+00
-2.335e+01 1.000e+00 1.000e+00 1.000e+00 9.042e+00 8.262e+00 1.300e+00
-2.325e+01 1.000e+00 1.000e+00 1.000e+00 9.389e+00 8.515e+00 1.382e+00
-2.315e+01 1.000e+00 1.000e+00 1.000e+00 9.737e+00 8.768e+00 1.466e+00
-2.305e+01 1.000e+00 1.000e+00 1.000e+00 1.009e+01 9.018e+00 1.553e+00
-2.295e+01 1.000e+00 1.000e+00 1.000e+00 1.044e+01 9.265e+00 1.642e+00
-2.285e+01 1.000e+00 1.000e+00 1.000e+00 1.078e+01 9.512e+00 1.732e+00
-2.275e+01 1.000e+00 1.000e+00 1.000e+00 1.113e+01 9.755e+00 1.823e+00
-2.265e+01 1.000e+00 1.000e+00 1.000e+00 1.148e+01 9.995e+00 1.915e+00
-2.255e+01 1.000e+00 1.000e+00 1.000e+00 1.182e+01 1.023e+01 2.008e+00
-2.245e+01 1.000e+00 1.000e+00 1.000e+00 1.216e+01 1.046e+01 2.102e+00
-2.235e+01 1.000e+00 1.000e+00 1.000e+00 1.250e+01 1.068e+01 2.195e+00
-2.225e+01 1.000e+00 1.000e+00 1.000e+00 1.283e+01 1.090e+01 2.289e+00
-2.215e+01 1.000e+00 1.000e+00 1.000e+00 1.315e+01 1.111e+01 2.382e+00
-2.205e+01 1.000e+00 1.000e+00 1.000e+00 1.347e+01 1.131e+01 2.475e+00
-2.195e+01 1.000e+00 1.000e+00 1.000e+00 1.377e+01 1.151e+01 2.567e+00
-2.185e+01 1.000e+00 1.000e+00 1.000e+00 1.407e+01 1.169e+01 2.658e+00
-2.175e+01 1.000e+00 1.000e+00 1.000e+00 1.436e+01 1.187e+01 2.746e+00
-2.165e+01 1.000e+00 1.000e+00 1.000e+00 1.464e+01 1.204e+01 2.833e+00
-2.155e+01 1.000e+00 1.000e+00 1.000e+00 1.490e+01 1.219e+01 2.918e+00
-2.145e+01 1.000e+00 1.000e+00 1.000e+00 1.515e+01 1.233e+01 3.001e+00
-2.135e+01 1.000e+00 1.000e+00 1.000e+00 1.538e+01 1.247e+01 3.080e+00
-2.125e+01 1.000e+00 1.000e+00 1.000e+00 1.560e+01 1.258e+01 3.157e+00
-2.115e+01 1.000e+00 1.000e+00 1.000e+00 1.580e+01 1.269e+01 3.229e+00
-2.105e+01 1.000e+00 1.000e+00 1.000e+00 1.598e+01 1.278e+01 3.298e+00
-2.095e+01 1.000e+00 1.000e+00 1.000e+00 1.614e+01 1.285e+01 3.362e+00
-2.085e+01 1.000e+00 1.000e+00 1.000e+00 1.628e+01 1.290e+01 3.422e+00
-2.075e+01 1.000e+00 1.000e+00 1.000e+00 1.640e+01 1.294e+01 3.476e+00
-2.065e+01 1.000e+00 1.000e+00 1.000e+00 1.649e+01 1.296e+01 3.525e+00
-2.055e+01 1.000e+00 1.000e+00 1.000e+00 1.656e+01 1.296e+01 3.568e+00
-2.045e+01 1.000e+00 1.000e+00 1.000e+00 1.659e+01 1.294e+01 3.605e+00
-2.035e+01 1.000e+00 1.000e+00 1.000e+00 1.660e+01 1.290e+01 3.635e+00
-2.025e+01 1.000e+00 1.000e+00 1.000e+00 1.658e+01 1.284e+01 3.658e+00
-2.015e+01 1.000e+00 1.000e+00 1.000e+00 1.653e+01 1.276e+01 3.672e+00
-2.005e+01 1.000e+00 1.000e+00 1.000e+00 1.645e+01 1.265e+01 3.679e+00
-1.995e+01 1.000e+00 1.000e+00 1.000e+00 1.633e+01 1.251e+01 3.677e+00
-1.985e+01 1.000e+00 1.000e+00 1.000e+00 1.617e+01 1.235e+01 3.666e+00
-1.975e+01 1.000e+00 1.000e+00 1.000e+00 1.598e+01 1.216e+01 3.645e+00
-1.965e+01 1.000e+00 1.000e+00 1.000e+00 1.574e+01 1.195e+01 3.614e+00
-1.955e+01 1.000e+00 1.000e+00 1.000e+00 1.547e+01 1.170e+01 3.572e+00
-1.945e+01 1.000e+00 1.000e+00 1.000e+00 1.548e+01 1.168e+01 3.596e+00
-1.935e+01 1.000e+00 1.000e+00 1.000e+00 1.599e+01 1.202e+01 3.735e+00
-1.925e+01 1.000e+00 1.000e+00 1.000e+00 1.651e+01 1.238e+01 3.878e+00
-1.915e+01 1.000e+00 1.000e+00 1.000e+00 1.704e+01 1.275e+01 4.025e+00
-1.905e+01 1.000e+00 1.000e+00 1.000e+00 1.759e+01 1.313e+01 4.176e+00
-1.895e+01 1.000e+00 1.000e+00 1.000e+00 1.816e+01 1.351e+01 4.332e+00
-1.885e+01 1.000e+00 1.000e+00 1.000e+00 1.873e+01 1.391e+01 4.493e+00
-1.875e+01 1.000e+00 1.000e+00 1.000e+00 1.933e+01 1.432e+01 4.658e+00
-1.865e+01 1.000e+00 1.000e+00 1.000e+00 1.995e+01 1.474e+01 4.828e+00
-1.855e+01 1.000e+00 1.000e+00 1.000e+00 2.058e+01 1.517e+01 5.003e+00
-1.845e+01 1.000e+00 1.000e+00 1.000e+00 2.122e+01 1.561e+01 5.183e+00
-1.835e+01 1.000e+00 1.000e+00 1.000e+00 2.189e+01 1.607e+01 5.368e+00
-1.825e+01 1.000e+00 1.000e+00 1.000e+00 2.258e+01 1.654e+01 5.558e+00
-1.815e+01 1.000e+00 1.000e+00 1.000e+00 2.328e+01 1.703e+01 5.754e+00
-1.805e+01 1.000e+00 1.000e+00 1.000e+00 2.401e+01 1.753e+01 5.956e+00
-1.795e+01 1.000e+00 1.000e+00 1.000e+00 2.476e+01 1.804e+01 6.163e+00
-1.785e+01 1.000e+00 1.000e+00 1.000e+00 2.553e+01 1.857e+01 6.377e+00
-1.775e+01 1.000e+00 1.000e+00 1.000e+00 2.632e+01 1.912e+01 6.596e+00
-1.765e+01 1.000e+00 1.000e+00 1.000e+00 2.714e+01 1.969e+01 6.821e+00
-1.755e+01 1.000e+00 1.000e+00 1.000e+00 2.799e+01 2.027e+01 7.052e+00
-1.745e+01 1.000e+00 1.000e+00 1.000e+00 2.886e+01 2.087e+01 7.290e+00
-1.735e+01 1.000e+00 1.000e+00 1.000e+00 2.975e+01 2.149e+01 7.536e+00
-1.725e+01 1.000e+00 1.000e+00 1.000e+00 3.068e+01 2.214e+01 7.787e+00
-1.715e+01 1.000e+00 1.000e+00 1.000e+00 3.164e+01 2.281e+01 8.044e+00
-1.705e+01 1.000e+00 1.000e+00 1.000e+00 3.262e+01 2.350e+01 8.309e+00
-1.695e+01 1.000e+00 1.000e+00 1.000e+00 3.364e+01 2.421e+01 8.581e+00
-1.685e+01 1.000e+00 1.000e+00 1.000e+00 3.469e+01 2.495e+01 8.861e+00
-1.675e+01 1.000e+00 1.000e+00 1.000e+00 3.578e+01 2.572e+01 9.147e+00
-1.665e+01 1.000e+00 1.000e+00 1.000e+00 3.691e+01 2.657e+01 9.440e+00
-1.655e+01 1.000e+00 1.000e+00 1.000e+00 3.808e+01 2.745e+01 9.741e+00
-1.645e+01 1.000e+00 1.000e+00 1.000e+00 3.928e+01 2.837e+01 1.005e+01
-1.635e+01 1.000e+00 1.000e+00 1.000e+00 4.052e+01 2.931e+01 1.037e+01
-1.625e+01 1.000e+00 1.000e+00 1.000e+00 4.181e+01 3.030e+01 1.069e+01
-1.615e+01 1.000e+00 1.000e+00 1.000e+00 4.314e+01 3.133e+01 1.102e+01
-1.605e+01 1.000e+00 1.000e+00 1.000e+00 4.453e+01 3.239e+01 1.136e+01
-1.595e+01 1.000e+00 1.000e+00 1.000e+00 4.596e+01 3.350e+01 1.170e+01
-1.585e+01 1.000e+00 1.000e+00 1.000e+00 4.742e+01 3.464e+01 1.205e+01
-1.575e+01 1.000e+00 1.000e+00 1.000e+00 4.896e+01 3.584e+01 1.241e+01
-1.565e+01 1.000e+00 1.000e+00 1.000e+00 5.054e+01 3.709e+01 1.278e+01
-1.555e+01 1.000e+00 1.000e+00 1.000e+00 5.219e+01 3.839e+01 1.315e+01
-1.545e+01 1.000e+00 1.000e+00 1.000e+00 5.389e+01 3.974e+01 1.353e+01
-1.535e+01 1.000e+00 1.000e+00 1.000e+00 5.564e+01 4.113e+01 1.391e+01
-1.525e+01 1.000e+00 1.000e+00 1.000e+00 5.746e+01 4.259e+01 1.431e+01
-1.515e+01 1.000e+00 1.000e+00 1.000e+00 5.935e+01 4.412e+01 1.470e+01
-1.505e+01 1.000e+00 1.000e+00 1.000e+00 6.132e+01 4.571e+01 1.510e+01
